Using 65200 as 12V value



65120
65117
65163
65119
65120
65125
65163
65104
65155
65120
65121
65122
65159
65120
65152
65176
65179
65128
65072
65167
65088
65122
65124
65116
65111
65127
65124
65176
65159
65079
65122
65124
65063
65074
65119
65146
65152
65149
65135
65067
65127
65116
65127
65125
65115
65121
65127
65149
65104
65071
65127
65148
65069
65151
65120
65167
65100
65072
65087
65135
65080
65151
65088
65087
65164
65087
65124
65127
65091
65122
65092
65136
65122
65119
65120
65120
65161
65119
65126
65148
65119
65130
65119
65109
65085
65087
65152
65123
65122
65108
65115
65127
65127
65116
65121
65123
65127
65119
65120
65135
65077
65160
65125
65166
65088
65140
65135
65116
65120
65159
65119
65122
65125
65131
65121
65144
65118
65120
65121
65079
65135
65126
65147
65116
65126
65119
65126
65167
65128
65124
65161
65118
65103
65118
65122
65080
65096
65087
65121
65122
65103
65143
65151
65119
65122
65127
65127
65116
65135
65127
65088
65117
65119
65127
65116
65121
65119
65079
65178
65124
65079
65088
65115
65120
65121
65115
65136
65097
65087
65149
65159
65079
65071
65119
65113
65071
65087
65096
65087
65135
65119
65087
65118
65120
65113
65122
65103
65119
65118
65135
65108
65088
65121
65162
65144
65120
65163
65144
65115
65147
65125
65152
65075
65120
65083
65122
65136
65160
65104
65080
65125
65121
65072
65124
65119
65096
65104
65152
65128
65133
65118
65083
65151
65123
65075
65122
65078
65115
65149
65096
65120
65118
65062
65121
65136
65146
65126
65121
65119
65124
65078
65102
65127
65120
65120
65116
65084
65114
65118
65147
65160
65119
65121
65121
65121
65121
65121
65121
65121
65121
65121
65121
65121
65121
65121
65121
65121
65121
65121
65121
65121
65132
65132
65132
65132
65132
65132
65132
65132
65132
65132
65132
65132
65132
65132
65132
65132
65132
65132
65132
65132
65132
65132
65132
65132
65132
65132
65132
65075
65075
65075
65075
65075
65075
65075
65075
65075
65075
65075
65075
65075
65075
65075
65075
65075
65075
65075
65075
65075
65075
65075
65075
65075
65075
65075
65075
65142
65142
65142
65142
65142
65142
65142
65142
65142
65142
65142
65142
65142
65142
65142
65142
65142
65142
65142
65142
65142
65142
65142
65142
65142
65142
65142
65142
65142
65096
65096
65096
65096
65096
65096
65096
65096
65096
65096
65096
65096
65096
65096
65096
65096
65096
65096
65096
65096
65096
65096
65096
65096
65096
65096
65096
65096
65118
65118
65118
65118
65118
65118
65118
65118
65118
65118
65118
65118
65118
65118
65118
65118
65118
65118
65118
65118
65118
65118
65118
65118
65118
65118
65083
65083
65083
65083
65083
65083
65083
65083
65083
65083
65083
65083
65083
65083
65083
65083
65083
65083
65083
65083
65083
65083
65083
65083
65083
65083
65083
65083
65156
65156
65156
65156
65156
65156
65156
65156
65156
65156
65156
65156
65156
65156
65156
65156
65156
65156
65156
65156
65156
65156
65156
65156
65156
65156
65156
65162
65162
65162
65162
65162
65162
65162
65162
65162
65162
65162
65162
65162
65162
65162
65162
65162
65162
65162
65162
65162
65162
65162
65162
65162
65162
65162
65162
65076
65076
65076
65076
65076
65076
65076
65076
